[lastseen]
andrewph = 1378216901.01
deewend = 1696087883.3073518
deewend1 = 1691924619.0624864

